250
1273
244 246 8
239 240 12
238 245 10
235 238 9
233 240 7
232 248 11
231 248 13
229 249 14
228 241 6
226 231 10
223 242 15
223 249 5
222 225 11
220 247 13
219 221 14
218 224 6
218 227 12
217 232 10
216 232 5
214 219 7
214 221 8
213 235 11
213 238 9
212 214 12
212 219 10
212 221 5
212 244 6
211 222 14
211 225 8
210 212 11
210 214 13
210 219 15
210 221 5
210 244 12
209 211 6
209 222 9
209 225 10
208 226 11
208 231 14
207 210 11
207 212 15
207 214 7
207 219 11
207 221 6
207 244 13
206 209 14
205 207 10
205 210 9
205 214 8
205 219 12
205 221 11
204 222 5
204 225 13
204 231 10
203 249 7
202 204 12
202 209 8
202 211 9
202 222 11
202 225 6
201 216 13
201 217 14
201 232 15
201 248 7
200 203 10
200 223 5
200 249 9
199 237 8
198 223 12
198 242 11
197 230 10
196 205 13
196 214 6
196 219 7
195 238 15
195 245 11
194 220 14
193 243 5
192 243 9
191 202 10
191 204 12
191 222 7
191 225 11
191 231 8
190 220 10
190 247 13
189 200 9
189 203 11
189 220 5
189 249 12
188 230 10
188 233 14
188 240 6
187 208 8
187 226 13
187 231 9
187 248 10
186 189 11
186 203 15
186 249 7
185 201 14
185 232 12
185 248 13
184 188 10
184 197 9
184 230 5
183 215 11
182 198 7
182 223 8
182 242 14
181 184 6
181 188 13
181 196 11
181 230 10
180 213 9
179 193 5
179 212 12
179 244 15
178 236 11
177 186 7
177 189 8
177 203 9
177 249 10
176 191 11
176 202 12
176 204 13
176 222 14
176 225 15
175 246 6
174 179 11
174 192 13
174 243 10
172 180 5
172 197 8
172 213 7
172 235 12
171 172 9
171 180 6
171 213 14
171 235 10
171 238 11
171 245 13
170 182 15
170 198 7
170 223 11
170 229 8
170 249 14
169 177 5
169 186 12
169 189 9
169 190 10
169 220 13
168 187 7
168 204 8
168 208 11
168 226 15
168 231 12
168 248 6
167 224 9
166 236 10
165 171 5
165 172 7
165 180 8
165 191 11
165 213 12
164 190 14
164 194 10
164 220 13
164 247 15
163 202 5
163 209 12
163 211 11
163 222 7
163 225 10
162 192 13
161 169 8
161 177 9
161 186 5
161 189 14
161 229 11
161 249 6
160 168 15
160 176 13
160 187 7
160 191 8
160 202 11
160 204 12
160 225 10
160 231 14
159 234 9
159 239 10
158 170 11
158 200 13
158 203 5
158 223 14
158 229 8
158 249 7
157 181 6
157 184 9
157 188 10
157 197 12
157 230 11
156 196 13
156 205 14
156 207 7
156 210 8
156 212 10
156 214 5
156 219 6
156 221 11
155 165 12
155 171 13
155 172 10
155 180 11
155 197 14
155 213 8
155 235 9
155 238 5
154 171 7
154 195 6
154 235 15
154 238 11
154 245 12
153 228 8
153 241 9
152 179 10
152 207 11
152 210 13
152 212 14
152 221 7
152 244 15
152 246 12
151 168 6
151 187 10
151 208 13
151 226 12
151 231 9
150 164 11
150 169 5
150 177 14
150 186 10
150 189 11
150 190 13
150 203 8
150 220 9
149 163 10
149 206 14
149 209 12
149 211 6
149 222 7
149 225 11
148 157 13
148 181 14
148 184 5
148 188 6
148 197 15
148 230 11
147 162 10
147 166 12
146 218 13
146 224 14
146 227 5
145 146 11
144 168 6
144 185 7
144 187 8
144 201 9
144 204 10
144 231 11
144 232 12
144 248 13
143 152 14
143 175 15
143 179 5
143 193 6
143 212 7
143 244 8
143 246 11
142 154 9
142 155 10
142 165 12
142 171 11
142 172 14
142 180 13
142 195 7
142 213 8
142 235 15
142 238 10
140 147 10
140 162 9
139 156 10
139 196 11
139 205 12
139 210 13
139 214 14
139 219 15
139 221 5
138 151 7
138 188 8
138 226 11
138 233 9
138 239 12
138 240 10
137 145 6
137 146 11
137 183 13
137 215 14
137 218 7
137 224 8
137 227 9
136 159 10
136 234 12
135 141 5
135 181 6
135 230 15
134 137 11
134 145 12
134 146 10
134 227 8
133 166 9
132 154 7
132 171 12
132 235 13
132 238 6
131 143 15
131 179 14
131 193 11
131 243 7
130 194 9
130 234 8
129 133 10
129 147 12
129 166 13
129 178 14
129 236 5
128 136 11
128 159 6
128 173 7
128 239 8
126 183 9
126 215 10
125 148 11
125 157 12
125 172 13
125 181 14
125 184 15
125 197 5
125 230 6
124 142 7
124 155 8
124 165 9
124 171 10
124 172 11
124 180 12
124 197 13
124 213 14
124 235 15
123 175 5
123 246 6
122 139 7
122 156 8
122 196 9
122 205 10
122 207 11
122 210 12
122 214 13
122 219 14
122 221 15
121 158 5
121 170 6
121 182 7
121 198 8
121 223 9
121 242 10
120 145 11
120 161 12
120 229 13
119 120 14
119 134 15
119 137 5
119 145 6
119 146 7
119 227 8
118 124 9
118 142 10
118 151 11
118 155 12
118 165 13
118 172 14
118 180 15
118 184 5
118 197 6
118 208 7
118 213 8
117 140 9
117 147 10
117 167 11
117 178 12
117 236 13
116 164 14
116 190 15
116 194 5
116 220 6
116 247 7
115 153 8
115 228 9
115 241 10
114 163 11
114 176 12
114 191 13
114 202 14
114 204 15
114 209 5
114 211 6
114 222 7
114 225 8
113 121 9
113 158 10
113 170 11
113 182 12
113 198 13
113 223 14
113 242 15
112 128 5
112 136 6
112 159 7
112 234 8
112 239 9
110 122 10
110 139 11
110 156 12
110 196 13
110 205 14
110 207 15
110 210 5
110 212 6
110 214 7
110 219 8
110 221 9
109 126 10
109 137 11
109 146 12
109 183 13
109 215 14
109 218 15
108 110 5
108 122 6
108 135 7
108 139 8
108 156 9
108 181 10
108 196 11
108 205 12
108 214 13
108 219 14
107 130 10
107 173 12
107 200 11
107 203 12
106 123 13
106 131 14
106 143 15
106 179 5
106 193 6
106 243 7
106 246 8
105 106 9
105 123 10
105 131 11
105 143 12
105 193 13
105 243 14
105 246 15
104 144 5
104 185 6
104 201 7
104 217 8
104 232 9
104 248 10
103 174 11
103 192 12
103 243 13
102 138 14
102 187 15
102 226 5
102 240 6
101 108 7
101 110 8
101 122 9
101 125 10
101 139 11
101 156 12
101 157 13
101 181 14
101 196 15
101 205 5
101 214 6
101 219 7
100 103 8
100 133 9
100 174 10
100 192 11
99 129 12
99 140 13
99 147 14
99 162 15
98 117 5
98 178 6
98 236 7
97 144 8
97 160 9
97 168 10
97 176 11
97 185 12
97 191 13
97 202 14
97 204 15
97 225 5
97 231 6
97 248 7
96 199 8
96 237 9
95 115 10
95 153 11
95 216 12
94 141 13
94 198 14
94 242 15
93 97 5
93 144 6
93 160 7
93 168 8
93 176 9
93 185 10
93 187 11
93 191 12
93 202 13
93 204 14
93 226 15
93 231 5
93 248 6
92 122 7
92 132 8
92 139 9
92 171 10
92 172 11
92 205 12
92 235 13
91 109 14
91 119 15
91 134 5
91 137 6
91 145 7
91 146 8
91 218 9
91 224 10
91 227 11
90 113 12
90 173 13
90 233 14
90 242 15
89 116 5
89 127 6
89 130 7
89 164 8
89 194 9
88 98 10
88 182 11
87 111 12
87 130 13
87 136 14
87 194 15
87 234 5
86 108 6
86 135 7
86 141 8
85 152 9
85 175 10
85 246 11
84 100 12
84 103 13
84 106 14
84 131 15
84 174 5
84 179 6
84 192 7
84 193 8
84 243 9
83 95 10
83 104 11
83 201 12
83 217 13
83 232 14
82 85 15
82 152 5
82 175 6
82 207 7
82 212 8
82 244 9
82 246 10
81 119 11
81 134 12
81 146 13
81 227 14
81 229 15
80 97 5
80 149 6
80 202 7
80 204 8
80 225 9
79 84 10
79 110 11
79 174 12
79 179 13
79 212 14
79 214 15
78 112 5
78 128 6
78 138 7
78 159 8
78 239 9
78 240 10
77 78 11
77 102 12
77 138 13
77 151 14
77 187 15
77 208 5
77 226 6
77 240 7
76 95 8
76 115 9
76 153 10
76 228 11
76 241 12
75 89 13
75 116 14
75 164 15
75 190 5
75 194 6
75 220 7
75 247 8
74 109 9
74 126 10
74 183 11
74 215 12
73 120 13
73 145 14
72 107 15
72 150 5
72 177 6
72 186 7
72 189 8
72 200 9
72 203 10
72 220 11
72 249 12
71 135 13
71 148 14
71 157 15
71 181 5
71 184 6
71 188 7
71 230 8
71 233 9
71 240 10
70 79 11
70 84 12
70 100 13
70 174 14
70 179 15
70 212 5
70 214 6
70 244 7
69 107 8
69 128 9
69 173 10
68 114 11
68 160 12
68 165 13
68 176 14
68 191 15
68 202 5
68 204 6
68 222 7
67 83 8
67 112 9
67 217 10
66 149 11
66 206 12
66 209 13
65 71 14
65 125 15
65 138 5
65 148 6
65 151 7
65 157 8
65 181 9
65 184 10
65 188 11
65 197 12
65 208 13
65 230 14
65 240 15
64 91 5
64 109 6
64 119 7
64 134 8
64 137 9
64 145 10
64 146 11
64 183 12
64 215 13
64 218 14
64 227 15
63 96 5
63 199 6
63 237 7
62 71 8
62 78 9
62 90 10
62 128 11
62 138 12
62 188 13
62 233 14
62 239 15
62 240 5
61 87 6
61 89 7
61 111 8
61 130 9
61 194 10
61 234 11
60 63 12
60 96 13
60 111 14
60 199 15
60 237 5
59 80 6
59 97 7
59 144 8
59 185 9
59 204 10
59 225 11
59 248 12
58 68 13
58 114 14
58 163 15
58 176 5
58 191 6
58 202 7
58 204 8
58 209 9
58 211 10
58 222 11
57 65 12
57 118 13
57 125 14
57 148 15
57 151 5
57 157 6
57 172 7
57 181 8
57 184 9
57 188 10
57 197 11
57 208 12
57 230 13
56 73 14
56 119 15
56 120 5
56 145 6
56 161 7
55 67 8
55 78 9
55 112 10
55 128 11
55 136 12
55 159 13
55 217 14
55 239 15
54 99 5
54 117 6
54 140 7
54 147 8
53 56 9
53 73 10
53 81 11
53 119 12
53 120 13
53 134 14
53 145 15
53 229 5
52 77 6
52 93 7
52 102 8
52 151 9
52 168 10
52 187 11
52 208 12
52 226 13
52 231 14
51 79 6
51 86 7
51 110 8
51 133 9
51 214 10
50 59 11
50 80 12
50 97 13
50 104 14
50 144 15
50 185 5
50 201 6
50 232 7
50 248 8
49 59 9
49 80 10
49 93 11
49 97 12
49 144 13
49 160 14
49 176 15
49 185 5
49 191 6
49 202 7
49 204 8
49 222 9
49 225 10
49 248 11
48 50 12
48 83 13
48 104 14
48 144 15
48 185 5
48 201 6
48 216 7
48 217 8
48 232 9
48 248 10
47 64 11
47 91 12
47 109 13
47 137 14
47 146 15
47 167 5
47 218 6
47 224 7
46 161 8
46 169 9
46 177 10
46 186 11
45 48 12
45 67 13
45 76 14
45 83 15
45 95 5
45 104 6
45 217 7
45 232 8
44 49 9
44 59 10
44 68 11
44 80 12
44 93 13
44 97 14
44 144 15
44 160 5
44 168 6
44 176 7
44 185 8
44 191 9
44 202 10
44 204 11
44 222 12
44 225 13
44 231 14
44 248 15
43 82 5
43 152 6
43 156 7
43 207 8
43 210 9
43 212 10
43 219 11
43 221 12
43 244 13
42 86 14
42 101 15
42 108 5
42 135 6
42 141 7
42 157 8
42 181 9
42 196 10
41 81 11
41 88 12
41 121 13
41 170 14
41 182 15
41 198 5
40 75 6
40 89 7
40 116 8
40 150 9
40 164 10
40 190 11
40 194 12
40 220 13
40 247 14
39 66 15
39 80 5
39 149 6
39 206 7
39 209 8
39 211 9
38 74 10
38 109 11
38 126 12
38 183 13
38 215 14
37 76 15
37 95 5
37 115 6
37 153 7
37 228 8
37 241 9
36 41 10
36 88 11
36 98 12
36 182 13
35 36 14
35 41 15
35 88 5
35 94 6
35 141 7
35 198 8
34 53 9
34 56 10
34 73 11
34 120 12
34 145 13
33 58 14
33 114 15
33 163 5
33 222 6
32 52 7
32 77 8
32 93 9
32 102 10
32 104 11
32 144 12
32 151 13
32 160 14
32 168 15
32 185 5
32 187 6
32 201 7
32 208 8
32 226 9
32 231 10
32 248 11
31 37 12
31 115 13
31 153 14
31 228 15
31 241 5
30 43 6
30 70 7
30 79 8
30 82 9
30 143 10
30 152 11
30 156 12
30 179 13
30 207 14
30 210 15
30 212 5
30 214 6
30 219 7
30 221 8
30 244 9
29 47 10
29 64 11
29 91 12
29 109 13
29 137 14
29 146 15
29 167 5
29 218 6
29 224 7
28 35 8
28 41 9
28 94 10
28 113 11
28 121 12
28 170 13
28 182 14
28 198 15
28 223 5
28 242 6
27 62 7
27 65 8
27 71 9
27 138 10
27 184 11
27 188 12
27 230 13
27 233 14
27 240 15
26 55 5
26 77 6
26 78 7
26 102 8
26 138 9
26 217 10
26 226 11
26 239 12
26 240 13
25 60 14
25 63 15
25 96 5
25 111 6
25 199 7
24 39 8
24 66 9
24 80 10
24 114 11
24 149 12
24 163 13
24 206 14
24 209 15
24 211 5
24 222 6
24 225 7
23 33 8
23 58 9
23 68 10
23 114 11
23 176 12
23 195 13
23 222 14
22 34 15
22 53 5
22 56 6
22 73 7
22 120 8
22 145 9
21 27 10
21 62 11
21 65 12
21 71 13
21 138 14
21 184 15
21 188 5
21 230 6
21 233 7
21 240 8
20 40 9
20 75 10
20 89 11
20 116 12
20 127 13
20 164 14
20 190 15
20 194 5
20 220 6
20 247 7
19 70 8
19 79 9
19 84 10
19 100 11
19 103 12
19 174 13
19 179 14
19 192 15
19 243 5
18 35 6
18 51 7
18 86 8
18 94 9
18 141 10
17 41 11
17 81 12
17 121 13
17 134 14
17 158 15
17 170 5
17 182 6
17 223 7
17 229 8
16 54 9
16 98 10
16 99 11
16 117 12
16 129 13
16 140 14
16 147 15
16 166 5
16 178 6
16 236 7
15 24 8
15 39 9
15 49 10
15 58 11
15 66 12
15 80 13
15 114 14
15 149 15
15 163 5
15 202 6
15 204 7
15 209 8
15 211 9
15 222 10
15 225 11
14 18 12
14 51 13
14 86 14
14 129 15
14 133 5
14 166 6
13 19 7
13 100 8
13 103 9
13 129 10
13 133 11
13 162 12
13 174 13
13 192 14
12 28 15
12 35 5
12 36 6
12 41 7
12 88 8
12 94 9
12 113 10
12 121 11
12 170 12
12 182 13
12 198 14
12 242 15
11 30 5
11 43 6
11 82 7
11 85 8
11 143 9
11 152 10
11 175 11
11 207 12
11 212 13
11 244 14
11 246 15
10 105 5
10 106 6
10 123 7
10 175 8
10 246 9
9 23 10
9 33 11
9 58 12
9 68 13
9 114 14
9 142 15
9 195 5
8 11 6
8 30 7
8 43 8
8 82 9
8 85 10
8 143 11
8 152 12
8 179 13
8 207 14
8 210 15
8 212 5
8 221 6
8 244 7
8 246 8
7 42 9
7 57 10
7 65 11
7 71 12
7 101 13
7 125 14
7 148 15
7 157 5
7 181 6
7 184 7
7 188 8
7 197 9
7 230 10
6 16 11
6 54 12
6 98 13
6 99 14
6 117 15
6 129 5
6 140 6
6 147 7
6 166 8
6 178 9
6 236 10
5 26 11
5 32 12
5 55 13
5 67 14
5 77 15
5 102 5
5 104 6
5 217 7
5 226 8
4 5 9
4 26 10
4 55 11
4 77 12
4 78 13
4 112 14
4 128 15
4 138 5
4 159 6
4 239 7
4 240 8
3 37 9
3 45 10
3 67 11
3 76 12
3 115 13
3 153 14
3 228 15
3 241 5
2 14 6
2 18 7
2 42 8
2 51 9
2 79 10
2 86 11
2 108 12
2 110 13
2 141 14
1 72 15
1 107 5
1 130 6
1 150 7
1 164 8
1 189 9
1 194 10
1 200 11
1 203 12
1 220 13
0 15 14
0 24 15
0 44 5
0 49 6
0 58 7
0 59 8
0 68 9
0 80 10
0 97 11
0 114 12
0 149 13
0 160 14
0 163 15
0 176 5
0 191 6
0 202 7
0 204 8
0 209 9
0 211 10
0 222 11
0 225 12